20100123 Hwang Myunghan 12345 23456 17651 17652
20090421 Kim Jason 17651 17652 17653 17654
20110512 Park Hongsun 12345 23456 17652 17654
20100123 Kim Yunmi 12345 17651 17652 17653
20100125 Kim Hokyung 12345 23456 17651 17654
20100323 Jung Philsoo 12345 23456 17651 17655
20080678 Ahn Jonghyuk 12345 17651 17652 17654
20110298 Lee Mijung 12345 23456 17651 17652
20120808 Kim Sungsuk 12345 23456 17651 17652
20080603 Park Kitea 17651 17652 17653
20070452 Ko Kyungmin 12345 17652 17655
20130091 Kim Chulmin 12345 23456 17651 17652
20110876 Park Kiyoung 12345 17651 17652 17654
20100128 Kim Minsu 12345 17651 17652 17653
20100131 Kim JungMi 17651 17652 17653 17655
20130094 Jang Goyoung 12345 23456 17653 17652
20130095 Kim Soyoung 12345 23456 17651 17652
